351.00	40.01	39.858
351.50	41.23	41.283
352.00	40.76	40.899
352.50	39.51	39.350
353.00	40.83	40.511
353.50	43.47	43.283
354.00	44.94	45.025
354.50	44.18	44.478
355.00	41.56	41.872
355.50	38.86	39.092
356.00	36.82	37.083
356.50	34.51	34.675
357.00	33.09	33.214
357.50	31.96	32.378
358.00	28.39	28.521
358.50	27.28	26.493
359.00	33.76	32.666
359.50	42.86	42.391
360.00	46.67	46.910
360.50	44.60	44.874
361.00	42.30	42.273
361.50	42.45	42.169
362.00	44.68	44.286
362.50	47.82	47.822
363.00	47.75	47.869
363.50	46.66	46.526
364.00	47.70	47.631
364.50	48.16	47.916
365.00	50.09	49.488
365.50	54.91	54.483
366.00	58.31	58.326
366.50	58.10	58.235
367.00	56.91	57.026
367.50	55.92	56.142
368.00	54.05	54.158
368.50	53.06	52.803
369.00	55.04	54.667
369.50	57.94	57.945
370.00	57.81	58.164
370.50	54.87	54.849
371.00	54.95	54.755
371.50	56.48	56.887
372.00	53.15	53.507
372.50	50.22	50.505
373.00	47.89	48.312
373.50	44.45	44.441
374.00	44.49	44.415
374.50	45.05	44.817
375.00	46.80	46.290
375.50	50.83	50.695
376.00	51.80	51.669
376.50	52.81	52.247
377.00	57.18	56.520
377.50	62.30	61.992
378.00	64.67	65.085
378.50	61.30	62.172
379.00	54.36	54.832
379.50	50.58	50.318
380.00	52.60	52.105
380.50	56.38	56.470
381.00	55.58	56.371
381.50	49.31	50.259
382.00	41.80	42.424
382.50	36.89	37.189
383.00	34.48	34.522
383.50	34.12	33.831
384.00	36.31	35.971
384.50	38.94	38.973
385.00	38.60	38.835
385.50	36.73	36.819
386.00	35.99	35.946
386.50	36.24	36.233
387.00	36.28	36.117
387.50	37.45	37.046
388.00	40.53	39.726
388.50	46.66	45.610
389.00	54.70	53.911
389.50	60.68	60.441
390.00	62.47	62.482
390.50	62.30	62.203
391.00	62.93	63.067
391.50	61.78	62.614
392.00	55.29	56.747
392.50	44.14	45.718
393.00	32.03	32.547
393.50	28.06	26.985
394.00	36.17	34.489
394.50	48.86	47.598
395.00	58.40	58.205
395.50	59.78	60.979
396.00	50.62	52.370
396.50	37.31	37.636
397.00	34.79	33.057
397.50	47.76	45.566
398.00	64.17	62.822
398.50	74.17	73.566
399.00	78.61	78.287
399.50	80.90	80.613
400.00	82.98	82.733
400.50	84.71	84.384
401.00	87.07	86.751
401.50	89.37	89.255
402.00	90.12	90.169
402.50	89.62	89.742
403.00	88.64	88.557
403.50	89.10	89.102
404.00	88.99	89.244
404.50	86.97	87.014
405.00	86.54	86.710
405.50	85.15	85.417
406.00	83.11	83.030
406.50	83.55	83.337
407.00	85.03	84.933
407.50	85.61	85.210
408.00	88.47	87.833
408.50	93.00	92.760
409.00	94.68	95.138
409.50	91.20	91.813
410.00	86.60	86.528
410.50	87.03	86.554
411.00	90.36	90.136
411.50	91.91	92.023
412.00	91.01	91.276
412.50	88.96	89.210
413.00	87.04	87.066
413.50	86.76	86.799
414.00	86.41	86.613
414.50	84.81	84.933
415.00	83.82	83.765
415.50	84.15	83.886
416.00	85.96	85.903
416.50	86.25	86.641
417.00	83.33	83.707
417.50	80.49	80.443
418.00	80.76	80.478
418.50	82.65	82.566
419.00	83.12	83.317
419.50	81.61	81.663
420.00	81.10	80.729
420.50	83.65	83.235
421.00	86.53	86.331
421.50	87.87	87.868
422.00	87.74	88.000
422.50	85.81	85.693
423.00	86.53	86.195
423.50	88.78	88.571
424.00	90.14	90.091
424.50	90.40	90.657
425.00	88.51	88.714
425.50	86.97	86.954
426.00	87.01	86.977
426.50	87.16	87.497
427.00	84.68	84.894
427.50	83.05	82.959
428.00	83.55	83.773
428.50	81.90	82.402
429.00	78.26	79.036
429.50	72.79	73.862
430.00	65.27	65.838
430.50	61.23	60.440
431.00	66.63	64.601
431.50	80.63	79.248
432.00	90.14	89.969
432.50	91.23	90.856
433.00	93.73	93.614
433.50	94.43	94.805
434.00	91.72	91.484
434.50	93.23	92.847
435.00	95.75	95.554
435.50	96.99	96.536
436.00	99.99	99.700
436.50	101.89	102.187
437.00	99.72	100.281
437.50	95.75	96.431
438.00	91.01	91.542
438.50	87.24	86.922
439.00	89.27	88.603
439.50	93.72	93.499
440.00	95.09	95.089
440.50	94.95	94.560
441.00	97.51	97.029
441.50	100.65	100.454
442.00	101.87	101.891
442.50	101.60	101.651
443.00	101.13	101.016
443.50	101.77	101.502
444.00	103.45	103.279
444.50	104.48	104.623
445.00	103.37	103.869
445.50	99.89	100.115
446.00	98.25	97.856
446.50	100.75	100.077
447.00	105.14	104.639
447.50	108.37	108.327
448.00	108.57	108.656
448.50	107.84	107.920
449.00	107.17	107.065
449.50	107.71	107.468
450.00	109.18	108.594
450.50	112.97	113.008
451.00	112.56	112.990
451.50	109.58	109.938
452.00	107.09	107.741
452.50	102.68	103.215
453.00	99.03	98.718
453.50	101.00	100.563
454.00	103.73	103.644
454.50	104.19	104.328
455.00	103.14	102.768
455.50	105.48	105.020
456.00	108.42	108.200
456.50	109.71	109.662
457.00	109.91	109.910
457.50	109.78	110.211
458.00	106.88	107.121
458.50	105.15	105.057
459.00	105.67	105.662
459.50	105.57	105.759
460.00	104.26	103.996
460.50	105.83	105.332
461.00	108.91	108.793
461.50	109.57	109.345
462.00	110.93	111.131
462.50	109.54	109.436
463.00	110.07	110.381
463.50	107.94	108.123
464.00	106.65	107.140
464.50	103.37	103.376
465.00	103.25	103.010
465.50	104.67	104.480
466.00	105.79	106.341
466.50	102.14	102.395
467.00	100.40	99.814
467.50	104.02	103.963
468.00	104.28	104.374
468.50	103.55	103.251
469.00	105.36	105.433
469.50	104.81	105.227
470.00	102.04	102.351
470.50	99.94	99.796
471.00	100.78	100.247
471.50	104.04	103.468
472.00	107.58	107.742
472.50	106.44	107.061
473.00	102.42	102.359
473.50	102.71	102.284
474.00	105.29	104.919
474.50	107.53	107.460
475.00	107.82	108.134
475.50	105.73	106.040
476.00	103.66	104.018
476.50	101.30	100.707
477.00	104.92	104.206
477.50	109.31	109.350
478.00	108.92	109.392
478.50	105.82	105.998
479.00	104.62	103.987
479.50	108.49	108.564
480.00	107.93	108.193
480.50	106.20	106.181
481.00	106.22	105.794
481.50	108.73	108.592
482.00	109.49	109.840
482.50	107.21	107.321
483.00	106.43	106.503
483.50	105.88	106.089
484.00	104.49	104.431
484.50	104.73	104.656
485.00	105.09	105.976
485.50	99.50	101.132
486.00	89.36	89.069
486.50	91.08	90.237
487.00	96.19	95.775
487.50	98.66	98.081
488.00	102.11	102.476
488.50	99.80	100.009
489.00	98.38	97.162
489.50	105.76	105.462
490.00	107.43	107.806
490.50	105.05	105.426
491.00	102.67	102.893
491.50	101.21	102.018
492.00	96.22	95.772
492.50	98.86	97.939
493.00	104.34	104.925
493.50	100.71	100.629
494.00	101.09	100.237
494.50	106.15	105.929
495.00	107.39	107.919
495.50	104.06	104.087
496.00	103.78	103.596
496.50	104.81	104.936
497.00	103.98	103.774
497.50	105.09	106.037
498.00	99.28	99.600
498.50	97.25	96.565
499.00	101.27	101.090
499.50	102.21	102.672
500.00	99.36	99.801
500.50	96.65	96.756
501.00	95.92	96.241
501.50	93.91	93.680
502.00	95.20	94.767
502.50	97.71	97.134
503.00	101.01	101.121
503.50	100.22	101.089
504.00	94.94	94.308
504.50	98.62	98.269
505.00	100.62	100.143
505.50	103.37	103.026
506.00	105.30	105.765
506.50	102.46	102.768
507.00	100.55	100.752
507.50	99.28	99.757
508.00	96.39	96.006
508.50	98.55	97.690
509.00	103.48	103.764
509.50	101.67	102.117
510.00	98.98	99.043
510.50	98.50	98.428
511.00	98.84	98.207
511.50	102.42	102.486
512.00	101.95	102.900
512.50	96.32	96.286
513.00	96.41	96.158
513.50	97.76	98.139
514.00	95.45	95.586
514.50	94.54	94.412
515.00	95.22	94.749
515.50	97.85	97.714
516.00	98.56	100.091
516.50	89.57	90.723
517.00	82.80	81.521
517.50	90.13	89.556
518.00	93.35	93.884
518.50	90.16	89.691
519.00	92.76	92.305
519.50	95.26	95.024
520.00	96.50	96.630
520.50	95.64	95.627
521.00	95.62	95.217
521.50	97.81	97.804
522.00	97.72	98.292
522.50	94.34	94.388
523.00	93.95	93.232
523.50	97.99	97.450
524.00	100.95	101.031
524.50	100.37	100.863
525.00	97.46	97.328
525.50	98.13	98.344
526.00	96.79	98.168
526.50	88.84	89.027
527.00	87.69	86.551
527.50	94.07	93.371
528.00	97.93	97.509
528.50	100.21	99.637
529.00	103.36	103.881
529.50	100.34	100.765
530.00	97.83	97.085
530.50	101.93	101.531
531.00	104.10	104.323
531.50	102.76	103.204
532.00	100.18	100.933
532.50	95.86	96.079
533.00	94.52	93.725
533.50	98.90	98.805
534.00	99.32	99.418
534.50	98.67	98.276
535.00	100.76	100.216
535.50	103.73	103.685
536.00	103.85	104.537
536.50	99.94	100.348
537.00	97.54	97.012
537.50	100.40	100.099
538.00	101.95	102.127
538.50	100.85	101.137
539.00	99.14	99.699
539.50	95.92	96.066
540.00	95.03	95.226
540.50	93.88	93.665
541.00	94.98	94.237
541.50	98.99	98.842
542.00	99.69	99.897
542.50	98.44	98.723
543.00	96.76	96.654
543.50	97.24	96.715
544.00	100.01	99.996
544.50	100.00	100.083
545.00	99.46	99.394
545.50	99.70	99.719
546.00	99.49	99.548
546.50	99.08	99.155
547.00	98.61	99.066
547.50	96.01	96.136
548.00	95.24	94.796
548.50	97.59	97.402
549.00	98.54	98.463
549.50	98.84	98.930
550.00	98.28	98.409
550.50	97.47	97.568
551.00	96.82	96.704
551.50	97.34	96.960
552.00	99.33	99.440
552.50	98.64	98.943
553.00	96.92	96.703
553.50	98.02	97.870
554.00	98.73	98.571
554.50	99.47	99.310
555.00	100.25	100.345
555.50	99.66	99.897
556.00	98.27	98.509
556.50	96.91	96.980
557.00	96.46	96.275
557.50	97.36	97.327
558.00	97.46	97.902
558.50	94.99	95.416
559.00	92.63	92.323
559.50	94.20	94.086
560.00	94.69	94.266
560.50	96.89	96.429
561.00	99.23	99.737
561.50	96.45	96.593
562.00	95.61	95.427
562.50	96.50	96.255
563.00	97.70	97.834
563.50	96.91	97.118
564.00	95.71	95.590
564.50	96.29	96.191
565.00	96.70	97.190
565.50	94.04	94.312
566.00	92.51	92.148
566.50	94.36	93.902
567.00	96.69	96.382
567.50	98.25	98.559
568.00	96.53	96.914
568.50	94.42	94.284
569.00	95.05	94.838
569.50	96.06	96.311
570.00	94.67	95.198
570.50	91.79	91.984
571.00	90.69	90.087
571.50	93.74	93.018
572.00	97.45	97.389
572.50	97.70	97.757
573.00	97.32	97.276
573.50	97.44	97.402
574.00	97.52	97.639
574.50	96.82	97.177
575.00	94.88	94.991
575.50	94.20	94.079
576.00	94.74	94.503
576.50	95.91	95.770
577.00	96.58	96.736
577.50	95.68	96.247
578.00	92.68	92.826
578.50	91.84	91.491
579.00	93.56	93.276
579.50	94.91	94.783
580.00	95.50	95.558
580.50	95.14	95.069
581.00	95.40	95.393
581.50	95.38	95.095
582.00	96.75	96.619
582.50	97.36	97.388
583.00	97.11	97.222
583.50	96.44	96.376
584.00	96.66	96.691
584.50	96.41	96.714
585.00	94.78	95.168
585.50	92.70	92.760
586.00	92.31	91.978
586.50	93.91	93.619
587.00	95.31	95.262
587.50	95.49	95.684
588.00	94.40	95.066
588.50	90.94	92.142
589.00	84.75	84.831
589.50	84.24	83.167
590.00	89.63	88.877
590.50	93.38	93.364
591.00	93.36	93.509
591.50	92.55	92.409
592.00	93.19	93.093
592.50	93.62	93.766
593.00	92.78	92.757
593.50	92.79	92.718
594.00	93.07	93.111
594.50	92.80	92.944
595.00	91.99	92.046
595.50	91.62	91.375
596.00	92.78	92.651
596.50	93.34	93.314
597.00	93.40	93.564
597.50	92.52	92.724
598.00	91.42	91.518
598.50	90.87	90.741
599.00	91.42	91.330
599.50	91.77	91.880
600.00	91.13	91.280
600.50	90.28	90.363
601.00	89.82	89.913
601.50	89.26	89.294
602.00	89.02	88.887
602.50	89.61	89.262
603.00	91.29	91.092
603.50	92.17	92.184
604.00	92.00	91.994
604.50	91.94	91.906
605.00	92.01	92.177
605.50	91.10	91.092
606.00	91.05	91.080
606.50	90.80	90.649
607.00	91.48	91.536
607.50	91.13	91.395
608.00	89.74	89.903
608.50	88.86	88.852
609.00	88.83	88.797
609.50	88.94	89.036
610.00	88.37	88.451
610.50	87.91	87.680
611.00	88.96	88.852
611.50	89.39	89.620
612.00	88.21	88.261
612.50	87.91	87.893
613.00	87.94	88.268
613.50	86.26	86.387
614.00	85.54	85.162
614.50	87.33	87.186
615.00	87.95	88.179
615.50	86.74	87.149
616.00	84.69	84.938
616.50	83.44	83.172
617.00	84.68	84.317
617.50	86.36	86.063
618.00	87.70	87.709
618.50	87.61	87.856
619.00	86.35	86.210
619.50	86.95	86.673
620.00	88.23	88.179
620.50	88.39	88.455
621.00	87.99	88.385
621.50	86.01	86.078
622.00	85.60	85.509
622.50	85.94	86.084
623.00	85.17	85.179
623.50	85.08	85.122
624.00	84.81	85.016
624.50	83.76	83.806
625.00	83.48	83.646
625.50	82.64	82.504
626.00	83.21	82.729
626.50	85.45	85.338
627.00	85.90	86.176
627.50	84.52	84.697
628.00	83.59	83.375
628.50	84.56	84.367
629.00	85.39	85.647
629.50	84.12	84.364
630.00	82.89	82.708
630.50	83.71	83.588
631.00	84.23	84.577
631.50	82.54	82.543
632.00	82.48	82.022
632.50	84.57	84.433
633.00	85.12	85.358
633.50	83.94	83.995
634.00	83.60	83.417
634.50	84.39	84.183
635.00	85.31	85.479
635.50	84.42	84.716
636.00	82.95	82.835
636.50	83.43	83.089
637.00	84.97	84.802
637.50	85.67	85.713
638.00	85.43	85.450
638.50	85.25	85.294
639.00	84.96	85.223
639.50	83.69	83.737
640.00	83.38	83.342
640.50	83.48	83.551
641.00	83.10	83.101
641.50	83.01	82.983
642.00	83.06	82.906
642.50	83.68	83.663
643.00	83.72	83.814
643.50	83.21	83.079
644.00	83.73	83.623
644.50	84.16	84.452
645.00	82.72	82.839
645.50	82.12	82.021
646.00	82.52	82.529
646.50	82.44	82.348
647.00	82.79	82.709
647.50	83.12	83.127
648.00	83.05	83.048
648.50	82.98	83.258
649.00	81.63	82.369
649.50	78.16	78.008
650.00	78.78	77.934
650.50	82.60	82.430
651.00	83.34	83.515
651.50	82.47	82.531
652.00	82.12	81.962
652.50	82.79	82.827
653.00	82.54	82.482
653.50	82.73	82.683
654.00	82.86	83.021
654.50	82.04	82.238
655.00	81.07	81.506
655.50	79.02	80.529
656.00	72.05	72.425
656.50	70.29	68.960
657.00	76.27	75.405
657.50	80.15	79.985
658.00	80.81	80.715
658.50	81.19	81.351
659.00	80.40	80.520
659.50	79.82	79.656
660.00	80.47	80.422
660.50	80.65	80.758
661.00	80.07	79.778
661.50	81.35	81.230
662.00	81.83	81.977
662.50	81.10	81.268
663.00	80.29	80.441
663.50	79.53	79.450
664.00	79.84	79.826
664.50	79.83	79.705
665.00	80.34	80.224
665.50	80.80	80.977
666.00	79.92	80.086
666.50	79.14	79.048
667.00	79.48	79.479
667.50	79.43	79.499
668.00	79.06	78.883
668.50	79.81	79.760
669.00	79.98	80.153
669.50	79.15	79.269
670.00	78.55	78.592
670.50	78.32	78.381
671.00	77.98	78.113
671.50	77.35	77.367
672.00	77.20	77.009
672.50	77.97	77.884
673.00	78.27	78.330
673.50	77.93	78.074
674.00	77.24	77.278
674.50	77.01	77.025
675.00	76.88	76.839
675.50	76.98	76.839
676.00	77.55	77.659
676.50	77.02	77.181
677.00	76.24	76.092
677.50	76.83	76.745
678.00	77.16	77.290
678.50	76.55	76.520
679.00	76.64	76.670
679.50	76.46	76.410
680.00	76.60	76.634
680.50	76.42	76.447
681.00	76.23	76.258
681.50	76.42	76.401
682.00	76.45	76.443
682.50	76.45	76.456
683.00	76.36	76.427
683.50	76.01	76.397
684.00	74.25	74.211
684.50	74.35	74.097
685.00	75.40	75.533
685.50	74.76	74.959
686.00	73.84	74.036
686.50	0.00	0.000
687.00	0.00	0.000
687.50	0.00	0.000
688.00	0.00	0.000
688.50	0.00	0.000
689.00	0.00	0.000
689.50	0.00	0.000
690.00	0.00	0.000
690.50	0.00	0.000
691.00	0.00	0.000
691.50	0.00	0.000
692.00	0.00	0.000
692.50	0.00	0.000
693.00	0.00	0.000
693.50	0.00	0.000
694.00	0.00	0.000
694.50	0.00	0.000
695.00	0.00	0.000
695.50	71.29	71.147
696.00	71.86	71.449
696.50	73.59	73.524
697.00	73.80	74.060
697.50	72.62	72.852
698.00	71.57	71.320
698.50	72.61	72.514
699.00	72.97	72.965
699.50	72.93	73.061
700.00	72.33	72.675
700.50	70.79	70.674
701.00	71.25	71.391
701.50	70.61	70.734
702.00	70.02	69.906
702.50	70.43	70.248
703.00	71.18	71.109
703.50	71.41	71.395
704.00	71.41	71.102
704.50	72.65	72.720
705.00	72.32	72.509
705.50	71.45	71.361
706.00	71.79	71.859
706.50	71.43	71.486
707.00	71.13	70.919
707.50	71.96	71.961
708.00	71.89	72.227
708.50	70.39	70.451
709.00	70.08	69.946
709.50	70.57	70.433
710.00	71.11	71.093
710.50	71.14	71.284
711.00	70.49	70.629
711.50	70.14	70.241
712.00	69.69	69.691
712.50	69.62	69.653
713.00	69.45	69.440
713.50	69.42	69.249
714.00	70.07	70.272
714.50	69.17	69.377
715.00	68.23	68.020
715.50	69.06	69.077
716.00	68.96	68.976
716.50	0.00	0.000
717.00	0.00	0.000
717.50	0.00	0.000
718.00	0.00	0.000
718.50	0.00	0.000
719.00	0.00	0.000
719.50	0.00	0.000
720.00	0.00	0.000
720.50	0.00	0.000
721.00	0.00	0.000
721.50	0.00	0.000
722.00	0.00	0.000
722.50	0.00	0.000
723.00	0.00	0.000
723.50	0.00	0.000
724.00	0.00	0.000
724.50	0.00	0.000
725.00	0.00	0.000
725.50	0.00	0.000
726.00	0.00	0.000
726.50	0.00	0.000
727.00	0.00	0.000
727.50	0.00	0.000
728.00	0.00	0.000
728.50	0.00	0.000
729.00	0.00	0.000
729.50	0.00	0.000
730.00	0.00	0.000
730.50	0.00	0.000
731.00	0.00	0.000
731.50	0.00	0.000
732.00	0.00	0.000
732.50	63.38	63.004
733.00	64.89	64.715
733.50	65.57	65.310
734.00	66.58	66.702
734.50	66.02	66.269
735.00	64.95	65.017
735.50	64.64	64.643
736.00	64.56	64.472
736.50	64.87	64.710
737.00	65.49	65.377
737.50	65.88	65.948
738.00	65.57	65.963
738.50	63.93	64.082
739.00	63.26	63.023
739.50	64.17	64.003
740.00	64.79	64.773
740.50	64.80	65.041
741.00	63.76	63.942
741.50	62.98	62.900
742.00	63.28	63.155
742.50	63.74	63.400
743.00	65.05	64.950
743.50	65.39	65.492
744.00	64.94	65.166
744.50	63.97	63.923
745.00	64.10	63.839
745.50	65.11	65.278
746.00	64.38	64.447
746.50	64.08	63.848
747.00	64.99	65.017
747.50	64.81	64.897
748.00	64.44	64.430
748.50	64.41	64.460
749.00	64.18	64.437
749.50	63.10	62.925
750.00	63.73	63.612
750.50	64.16	64.389
751.00	63.22	63.144
751.50	63.46	63.294
752.00	64.08	64.232
752.50	63.44	63.437
753.00	63.41	63.302
753.50	63.80	63.692
754.00	64.15	64.208
754.50	63.86	63.935
755.00	63.54	63.579
755.50	63.34	63.344
756.00	63.29	63.288
756.50	63.27	63.365
757.00	62.87	62.816
757.50	63.05	63.179
758.00	62.48	62.827
758.50	61.09	61.434
759.00	0.00	0.000
759.50	0.00	0.000
760.00	0.00	0.000
760.50	0.00	0.000
761.00	0.00	0.000
761.50	0.00	0.000
762.00	0.00	0.000
762.50	0.00	0.000
763.00	0.00	0.000
763.50	0.00	0.000
764.00	0.00	0.000
764.50	0.00	0.000
765.00	0.00	0.000
765.50	0.00	0.000
766.00	0.00	0.000
766.50	0.00	0.000
767.00	0.00	0.000
767.50	0.00	0.000
768.00	0.00	0.000
768.50	0.00	0.000
769.00	0.00	0.000
769.50	0.00	0.000
770.00	0.00	0.000
770.50	60.19	60.018
771.00	60.82	61.081
771.50	59.79	59.630
772.00	60.37	60.396
772.50	60.24	60.148
773.00	60.58	60.401
773.50	61.22	61.258
774.00	61.02	61.282
774.50	59.99	60.106
775.00	59.49	59.229
775.50	60.46	60.338
776.00	60.88	60.877
776.50	60.84	60.888
777.00	60.64	60.795
777.50	59.99	59.993
778.00	59.92	59.902
778.50	59.95	59.902
779.00	60.12	60.137
779.50	60.00	60.070
780.00	59.70	59.661
780.50	59.83	59.868
781.00	59.63	59.556
781.50	59.86	59.698
782.00	60.44	60.428
782.50	60.45	60.697
783.00	59.47	59.686
783.50	58.63	58.448
784.00	59.26	59.146
784.50	59.67	59.700
785.00	59.52	59.561
785.50	59.34	59.336
786.00	59.30	59.295
786.50	59.28	59.389
787.00	58.84	59.001
787.50	58.20	58.297
788.00	57.81	57.729
788.50	58.10	58.135
789.00	57.93	58.107
789.50	57.22	57.236
790.00	57.12	57.076
790.50	57.24	57.330
791.00	56.86	57.016
791.50	56.25	56.264
792.00	56.14	56.059
792.50	56.39	56.495
793.00	55.97	56.044
793.50	55.67	55.766
794.00	55.29	55.335
794.50	55.10	54.917
795.00	55.74	55.591
795.50	56.26	56.287
796.00	56.14	56.070
796.50	56.37	56.327
797.00	56.50	56.446
797.50	56.67	56.665
798.00	56.66	56.681
798.50	56.52	56.569
799.00	56.32	56.322
799.50	56.25	56.574
800.00	55.01	54.903
800.50	55.38	55.273
801.00	55.77	55.649
801.50	56.16	56.144
802.00	56.19	56.337
802.50	55.62	55.687
803.00	55.34	55.208
803.50	55.78	55.718
804.00	55.96	56.216
804.50	54.98	55.084
805.00	54.54	54.322
805.50	55.29	55.115
806.00	55.92	55.741
806.50	55.93	56.133
807.00	55.12	55.224
807.50	54.70	54.670
808.00	54.77	54.825
808.50	54.55	54.618
809.00	54.25	54.375
809.50	53.75	53.647
810.00	54.11	54.015
810.50	54.43	54.488
811.00	54.16	54.226
811.50	0.00	0.000
812.00	0.00	0.000
812.50	0.00	0.000
813.00	0.00	0.000
813.50	0.00	0.000
814.00	0.00	0.000
814.50	0.00	0.000
815.00	0.00	0.000
815.50	0.00	0.000
816.00	0.00	0.000
816.50	0.00	0.000
817.00	0.00	0.000
817.50	0.00	0.000
818.00	0.00	0.000
818.50	0.00	0.000
819.00	0.00	0.000
819.50	0.00	0.000
820.00	0.00	0.000
820.50	0.00	0.000
821.00	0.00	0.000
821.50	0.00	0.000
822.00	0.00	0.000
822.50	0.00	0.000
823.00	0.00	0.000
823.50	0.00	0.000
824.00	0.00	0.000
824.50	0.00	0.000
825.00	0.00	0.000
825.50	0.00	0.000
826.00	0.00	0.000
826.50	0.00	0.000
827.00	0.00	0.000
827.50	0.00	0.000
828.00	0.00	0.000
828.50	0.00	0.000
829.00	0.00	0.000
829.50	0.00	0.000
830.00	0.00	0.000
830.50	0.00	0.000
831.00	0.00	0.000
831.50	0.00	0.000
832.00	0.00	0.000
832.50	0.00	0.000
833.00	0.00	0.000
833.50	0.00	0.000
834.00	0.00	0.000
834.50	0.00	0.000
835.00	0.00	0.000
835.50	0.00	0.000
836.00	0.00	0.000
836.50	0.00	0.000
837.00	0.00	0.000
837.50	0.00	0.000
838.00	50.85	51.014
838.50	50.24	50.238
839.00	50.21	49.857
839.50	51.44	51.257
840.00	52.08	52.328
840.50	51.14	51.086
841.00	51.32	51.324
841.50	51.28	51.279
842.00	51.25	51.330
842.50	50.93	50.769
843.00	51.48	51.736
843.50	50.55	50.677
844.00	50.05	50.009
844.50	50.16	49.920
845.00	50.96	50.849
845.50	51.33	51.381
846.00	51.11	51.159
846.50	50.89	51.116
847.00	50.06	49.942
847.50	50.44	50.327
848.00	50.79	50.870
848.50	50.50	50.514
849.00	50.40	51.244
849.50	47.39	48.319
850.00	44.11	43.204
850.50	47.25	46.509
851.00	49.83	50.096
851.50	48.86	48.811
852.00	49.02	48.931
852.50	49.29	49.284
853.00	49.26	49.869
853.50	47.12	49.158
854.00	39.93	40.636
854.50	37.45	35.586
855.00	43.95	42.774
855.50	48.04	47.832
856.00	48.76	48.681
856.50	48.99	48.918
857.00	49.19	49.180
857.50	49.20	49.226
858.00	49.08	49.152
858.50	48.78	48.729
859.00	48.92	48.975
859.50	48.68	48.773
860.00	48.32	48.251
860.50	48.51	48.591
861.00	48.21	48.263
861.50	47.98	47.818
862.00	48.52	48.516
862.50	48.48	48.369
863.00	48.85	48.829
863.50	48.91	49.036
864.00	48.43	48.462
864.50	48.30	48.482
865.00	47.66	48.049
865.50	46.28	47.794
866.00	41.04	41.823
866.50	38.30	36.724
867.00	43.72	42.974
867.50	46.24	46.153
868.00	46.53	46.415
868.50	46.88	46.992
869.00	46.47	46.408
869.50	46.66	46.432
870.00	47.42	47.418
870.50	47.41	47.514
871.00	47.04	47.123
871.50	46.73	46.546
872.00	47.31	47.296
872.50	47.35	47.464
873.00	46.91	46.844
873.50	47.11	47.213
874.00	46.74	46.760
874.50	46.64	46.765
875.00	46.18	46.207
875.50	46.07	45.784
876.00	47.02	46.960
876.50	47.18	47.267
877.00	46.88	46.887
877.50	46.81	46.765
878.00	46.93	46.941
878.50	46.84	47.018
879.00	46.23	46.282
879.50	46.01	45.858
880.00	46.48	46.879
880.50	45.09	45.201
881.00	44.67	44.121
881.50	46.51	46.494
882.00	46.52	46.530
882.50	46.48	46.287
883.00	47.09	47.161
883.50	46.82	47.038
884.00	46.07	45.929
884.50	46.50	46.466
885.00	46.60	46.520
885.50	46.85	47.079
886.00	46.07	46.294
886.50	45.28	45.172
887.00	45.60	45.326
887.50	46.49	46.473
		
		
		
		
		
		
		
		
		
		
